#
#
#
#
#
#
#
#
#
#
#
#
3.000000000000000000e+03 0.000000000000000000e+00
3.008008008008007891e+03 0.000000000000000000e+00
3.016016016016016238e+03 0.000000000000000000e+00
3.024024024024024129e+03 0.000000000000000000e+00
3.032032032032032021e+03 0.000000000000000000e+00
3.040040040040039912e+03 0.000000000000000000e+00
3.048048048048048258e+03 0.000000000000000000e+00
3.056056056056056150e+03 0.000000000000000000e+00
3.064064064064064041e+03 0.000000000000000000e+00
3.072072072072071933e+03 0.000000000000000000e+00
3.080080080080080279e+03 0.000000000000000000e+00
3.088088088088088170e+03 0.000000000000000000e+00
3.096096096096096062e+03 0.000000000000000000e+00
3.104104104104103953e+03 0.000000000000000000e+00
3.112112112112112300e+03 0.000000000000000000e+00
3.120120120120120191e+03 0.000000000000000000e+00
3.128128128128128083e+03 0.000000000000000000e+00
3.136136136136135974e+03 0.000000000000000000e+00
3.144144144144144320e+03 0.000000000000000000e+00
3.152152152152152212e+03 0.000000000000000000e+00
3.160160160160160103e+03 0.000000000000000000e+00
3.168168168168167995e+03 0.000000000000000000e+00
3.176176176176176341e+03 0.000000000000000000e+00
3.184184184184184232e+03 0.000000000000000000e+00
3.192192192192192124e+03 0.000000000000000000e+00
3.200200200200200015e+03 0.000000000000000000e+00
3.208208208208208362e+03 0.000000000000000000e+00
3.216216216216216253e+03 0.000000000000000000e+00
3.224224224224224145e+03 0.000000000000000000e+00
3.232232232232232491e+03 0.000000000000000000e+00
3.240240240240240382e+03 0.000000000000000000e+00
3.248248248248248274e+03 0.000000000000000000e+00
3.256256256256256165e+03 0.000000000000000000e+00
3.264264264264264057e+03 0.000000000000000000e+00
3.272272272272272403e+03 0.000000000000000000e+00
3.280280280280280294e+03 0.000000000000000000e+00
3.288288288288288186e+03 0.000000000000000000e+00
3.296296296296296532e+03 0.000000000000000000e+00
3.304304304304304424e+03 0.000000000000000000e+00
3.312312312312312315e+03 0.000000000000000000e+00
3.320320320320320207e+03 0.000000000000000000e+00
3.328328328328328553e+03 0.000000000000000000e+00
3.336336336336336444e+03 0.000000000000000000e+00
3.344344344344344336e+03 0.000000000000000000e+00
3.352352352352352227e+03 0.000000000000000000e+00
3.360360360360360573e+03 0.000000000000000000e+00
3.368368368368368465e+03 0.000000000000000000e+00
3.376376376376376356e+03 0.000000000000000000e+00
3.384384384384384248e+03 0.000000000000000000e+00
3.392392392392392594e+03 0.000000000000000000e+00
3.400400400400400486e+03 0.000000000000000000e+00
3.408408408408408377e+03 0.000000000000000000e+00
3.416416416416416268e+03 0.000000000000000000e+00
3.424424424424424615e+03 0.000000000000000000e+00
3.432432432432432506e+03 0.000000000000000000e+00
3.440440440440440398e+03 0.000000000000000000e+00
3.448448448448448289e+03 0.000000000000000000e+00
3.456456456456456635e+03 0.000000000000000000e+00
3.464464464464464527e+03 0.000000000000000000e+00
3.472472472472472418e+03 0.000000000000000000e+00
3.480480480480480765e+03 0.000000000000000000e+00
3.488488488488488656e+03 0.000000000000000000e+00
3.496496496496496547e+03 0.000000000000000000e+00
3.504504504504504439e+03 0.000000000000000000e+00
3.512512512512512330e+03 0.000000000000000000e+00
3.520520520520520677e+03 0.000000000000000000e+00
3.528528528528528568e+03 0.000000000000000000e+00
3.536536536536536460e+03 0.000000000000000000e+00
3.544544544544544806e+03 0.000000000000000000e+00
3.552552552552552697e+03 0.000000000000000000e+00
3.560560560560560589e+03 0.000000000000000000e+00
3.568568568568568480e+03 0.000000000000000000e+00
3.576576576576576372e+03 0.000000000000000000e+00
3.584584584584584718e+03 0.000000000000000000e+00
3.592592592592592609e+03 0.000000000000000000e+00
3.600600600600600501e+03 0.000000000000000000e+00
3.608608608608608847e+03 0.000000000000000000e+00
3.616616616616616739e+03 0.000000000000000000e+00
3.624624624624624630e+03 0.000000000000000000e+00
3.632632632632632522e+03 0.000000000000000000e+00
3.640640640640640413e+03 0.000000000000000000e+00
3.648648648648648759e+03 0.000000000000000000e+00
3.656656656656656651e+03 0.000000000000000000e+00
3.664664664664664997e+03 0.000000000000000000e+00
3.672672672672672888e+03 0.000000000000000000e+00
3.680680680680680780e+03 0.000000000000000000e+00
3.688688688688688671e+03 0.000000000000000000e+00
3.696696696696696563e+03 0.000000000000000000e+00
3.704704704704704909e+03 0.000000000000000000e+00
3.712712712712712801e+03 0.000000000000000000e+00
3.720720720720720692e+03 0.000000000000000000e+00
3.728728728728729038e+03 0.000000000000000000e+00
3.736736736736736930e+03 0.000000000000000000e+00
3.744744744744744821e+03 0.000000000000000000e+00
3.752752752752752713e+03 0.000000000000000000e+00
3.760760760760760604e+03 0.000000000000000000e+00
3.768768768768768950e+03 0.000000000000000000e+00
3.776776776776776842e+03 0.000000000000000000e+00
3.784784784784784733e+03 0.000000000000000000e+00
3.792792792792793080e+03 0.000000000000000000e+00
3.800800800800800971e+03 0.000000000000000000e+00
3.808808808808808863e+03 0.000000000000000000e+00
3.816816816816816754e+03 0.000000000000000000e+00
3.824824824824824645e+03 0.000000000000000000e+00
3.832832832832832992e+03 0.000000000000000000e+00
3.840840840840840883e+03 0.000000000000000000e+00
3.848848848848848775e+03 0.000000000000000000e+00
3.856856856856857121e+03 0.000000000000000000e+00
3.864864864864865012e+03 0.000000000000000000e+00
3.872872872872872904e+03 0.000000000000000000e+00
3.880880880880880795e+03 0.000000000000000000e+00
3.888888888888888687e+03 0.000000000000000000e+00
3.896896896896897033e+03 0.000000000000000000e+00
3.904904904904904924e+03 0.000000000000000000e+00
3.912912912912913271e+03 0.000000000000000000e+00
3.920920920920921162e+03 0.000000000000000000e+00
3.928928928928929054e+03 0.000000000000000000e+00
3.936936936936936945e+03 0.000000000000000000e+00
3.944944944944944837e+03 0.000000000000000000e+00
3.952952952952953183e+03 0.000000000000000000e+00
3.960960960960961074e+03 0.000000000000000000e+00
3.968968968968968966e+03 0.000000000000000000e+00
3.976976976976977312e+03 0.000000000000000000e+00
3.984984984984985203e+03 0.000000000000000000e+00
3.992992992992993095e+03 0.000000000000000000e+00
4.001001001001000986e+03 0.000000000000000000e+00
4.009009009009008878e+03 0.000000000000000000e+00
4.017017017017017224e+03 0.000000000000000000e+00
4.025025025025025116e+03 0.000000000000000000e+00
4.033033033033033462e+03 0.000000000000000000e+00
4.041041041041041353e+03 0.000000000000000000e+00
4.049049049049049245e+03 0.000000000000000000e+00
4.057057057057057136e+03 0.000000000000000000e+00
4.065065065065065028e+03 0.000000000000000000e+00
4.073073073073072919e+03 0.000000000000000000e+00
4.081081081081081265e+03 0.000000000000000000e+00
4.089089089089089157e+03 0.000000000000000000e+00
4.097097097097097503e+03 0.000000000000000000e+00
4.105105105105105395e+03 0.000000000000000000e+00
4.113113113113113286e+03 0.000000000000000000e+00
4.121121121121121178e+03 0.000000000000000000e+00
4.129129129129129069e+03 0.000000000000000000e+00
4.137137137137136961e+03 0.000000000000000000e+00
4.145145145145144852e+03 0.000000000000000000e+00
4.153153153153152743e+03 0.000000000000000000e+00
4.161161161161161544e+03 0.000000000000000000e+00
4.169169169169169436e+03 0.000000000000000000e+00
4.177177177177177327e+03 0.000000000000000000e+00
4.185185185185185219e+03 0.000000000000000000e+00
4.193193193193193110e+03 0.000000000000000000e+00
4.201201201201201002e+03 0.000000000000000000e+00
4.209209209209209803e+03 0.000000000000000000e+00
4.217217217217217694e+03 0.000000000000000000e+00
4.225225225225225586e+03 0.000000000000000000e+00
4.233233233233233477e+03 0.000000000000000000e+00
4.241241241241241369e+03 0.000000000000000000e+00
4.249249249249249260e+03 0.000000000000000000e+00
4.257257257257257152e+03 0.000000000000000000e+00
4.265265265265265043e+03 0.000000000000000000e+00
4.273273273273272935e+03 0.000000000000000000e+00
4.281281281281280826e+03 0.000000000000000000e+00
4.289289289289289627e+03 0.000000000000000000e+00
4.297297297297297519e+03 0.000000000000000000e+00
4.305305305305305410e+03 0.000000000000000000e+00
4.313313313313313301e+03 0.000000000000000000e+00
4.321321321321321193e+03 0.000000000000000000e+00
4.329329329329329994e+03 0.000000000000000000e+00
4.337337337337337885e+03 0.000000000000000000e+00
4.345345345345345777e+03 0.000000000000000000e+00
4.353353353353353668e+03 0.000000000000000000e+00
4.361361361361361560e+03 0.000000000000000000e+00
4.369369369369369451e+03 0.000000000000000000e+00
4.377377377377377343e+03 0.000000000000000000e+00
4.385385385385385234e+03 0.000000000000000000e+00
4.393393393393393126e+03 0.000000000000000000e+00
4.401401401401401017e+03 0.000000000000000000e+00
4.409409409409409818e+03 0.000000000000000000e+00
4.417417417417417710e+03 0.000000000000000000e+00
4.425425425425425601e+03 0.000000000000000000e+00
4.433433433433433493e+03 0.000000000000000000e+00
4.441441441441441384e+03 0.000000000000000000e+00
4.449449449449449276e+03 0.000000000000000000e+00
4.457457457457458077e+03 0.000000000000000000e+00
4.465465465465465968e+03 0.000000000000000000e+00
4.473473473473473859e+03 0.000000000000000000e+00
4.481481481481481751e+03 0.000000000000000000e+00
4.489489489489489642e+03 0.000000000000000000e+00
4.497497497497497534e+03 0.000000000000000000e+00
4.505505505505505425e+03 0.000000000000000000e+00
4.513513513513513317e+03 0.000000000000000000e+00
4.521521521521521208e+03 0.000000000000000000e+00
4.529529529529529100e+03 0.000000000000000000e+00
4.537537537537537901e+03 0.000000000000000000e+00
4.545545545545545792e+03 0.000000000000000000e+00
4.553553553553553684e+03 0.000000000000000000e+00
4.561561561561561575e+03 0.000000000000000000e+00
4.569569569569569467e+03 0.000000000000000000e+00
4.577577577577578268e+03 0.000000000000000000e+00
4.585585585585586159e+03 0.000000000000000000e+00
4.593593593593594051e+03 0.000000000000000000e+00
4.601601601601601942e+03 0.000000000000000000e+00
4.609609609609609834e+03 0.000000000000000000e+00
4.617617617617617725e+03 0.000000000000000000e+00
4.625625625625625617e+03 0.000000000000000000e+00
4.633633633633633508e+03 0.000000000000000000e+00
4.641641641641641399e+03 0.000000000000000000e+00
4.649649649649649291e+03 0.000000000000000000e+00
4.657657657657658092e+03 0.000000000000000000e+00
4.665665665665665983e+03 0.000000000000000000e+00
4.673673673673673875e+03 0.000000000000000000e+00
4.681681681681681766e+03 0.000000000000000000e+00
4.689689689689689658e+03 0.000000000000000000e+00
4.697697697697697549e+03 0.000000000000000000e+00
4.705705705705706350e+03 0.000000000000000000e+00
4.713713713713714242e+03 0.000000000000000000e+00
4.721721721721722133e+03 0.000000000000000000e+00
4.729729729729730025e+03 0.000000000000000000e+00
4.737737737737737916e+03 0.000000000000000000e+00
4.745745745745745808e+03 0.000000000000000000e+00
4.753753753753753699e+03 0.000000000000000000e+00
4.761761761761761591e+03 0.000000000000000000e+00
4.769769769769769482e+03 0.000000000000000000e+00
4.777777777777777374e+03 0.000000000000000000e+00
4.785785785785786175e+03 0.000000000000000000e+00
4.793793793793794066e+03 0.000000000000000000e+00
4.801801801801801957e+03 0.000000000000000000e+00
4.809809809809809849e+03 0.000000000000000000e+00
4.817817817817817740e+03 0.000000000000000000e+00
4.825825825825826541e+03 0.000000000000000000e+00
4.833833833833834433e+03 0.000000000000000000e+00
4.841841841841842324e+03 0.000000000000000000e+00
4.849849849849850216e+03 0.000000000000000000e+00
4.857857857857858107e+03 0.000000000000000000e+00
4.865865865865865999e+03 0.000000000000000000e+00
4.873873873873873890e+03 0.000000000000000000e+00
4.881881881881881782e+03 0.000000000000000000e+00
4.889889889889889673e+03 0.000000000000000000e+00
4.897897897897897565e+03 0.000000000000000000e+00
4.905905905905906366e+03 0.000000000000000000e+00
4.913913913913914257e+03 0.000000000000000000e+00
4.921921921921922149e+03 0.000000000000000000e+00
4.929929929929930040e+03 0.000000000000000000e+00
4.937937937937937932e+03 0.000000000000000000e+00
4.945945945945945823e+03 0.000000000000000000e+00
4.953953953953954624e+03 0.000000000000000000e+00
4.961961961961962515e+03 0.000000000000000000e+00
4.969969969969970407e+03 0.000000000000000000e+00
4.977977977977978298e+03 0.000000000000000000e+00
4.985985985985986190e+03 0.000000000000000000e+00
4.993993993993994081e+03 0.000000000000000000e+00
5.002002002002001973e+03 0.000000000000000000e+00
5.010010010010009864e+03 0.000000000000000000e+00
5.018018018018017756e+03 0.000000000000000000e+00
5.026026026026025647e+03 0.000000000000000000e+00
5.034034034034034448e+03 0.000000000000000000e+00
5.042042042042042340e+03 0.000000000000000000e+00
5.050050050050050231e+03 0.000000000000000000e+00
5.058058058058058123e+03 0.000000000000000000e+00
5.066066066066066924e+03 0.000000000000000000e+00
5.074074074074074815e+03 0.000000000000000000e+00
5.082082082082082707e+03 0.000000000000000000e+00
5.090090090090090598e+03 0.000000000000000000e+00
5.098098098098098490e+03 0.000000000000000000e+00
5.106106106106106381e+03 0.000000000000000000e+00
5.114114114114114273e+03 0.000000000000000000e+00
5.122122122122122164e+03 0.000000000000000000e+00
5.130130130130130055e+03 0.000000000000000000e+00
5.138138138138137947e+03 0.000000000000000000e+00
5.146146146146145838e+03 0.000000000000000000e+00
5.154154154154153730e+03 0.000000000000000000e+00
5.162162162162162531e+03 0.000000000000000000e+00
5.170170170170170422e+03 0.000000000000000000e+00
5.178178178178178314e+03 0.000000000000000000e+00
5.186186186186186205e+03 0.000000000000000000e+00
5.194194194194195006e+03 0.000000000000000000e+00
5.202202202202202898e+03 0.000000000000000000e+00
5.210210210210210789e+03 0.000000000000000000e+00
5.218218218218218681e+03 0.000000000000000000e+00
5.226226226226226572e+03 0.000000000000000000e+00
5.234234234234234464e+03 0.000000000000000000e+00
5.242242242242242355e+03 0.000000000000000000e+00
5.250250250250250247e+03 0.000000000000000000e+00
5.258258258258258138e+03 0.000000000000000000e+00
5.266266266266266030e+03 0.000000000000000000e+00
5.274274274274273921e+03 0.000000000000000000e+00
5.282282282282281813e+03 0.000000000000000000e+00
5.290290290290290613e+03 0.000000000000000000e+00
5.298298298298298505e+03 0.000000000000000000e+00
5.306306306306306396e+03 0.000000000000000000e+00
5.314314314314315197e+03 0.000000000000000000e+00
5.322322322322323089e+03 0.000000000000000000e+00
5.330330330330330980e+03 0.000000000000000000e+00
5.338338338338338872e+03 0.000000000000000000e+00
5.346346346346346763e+03 0.000000000000000000e+00
5.354354354354354655e+03 0.000000000000000000e+00
5.362362362362362546e+03 0.000000000000000000e+00
5.370370370370370438e+03 0.000000000000000000e+00
5.378378378378378329e+03 0.000000000000000000e+00
5.386386386386386221e+03 0.000000000000000000e+00
5.394394394394394112e+03 0.000000000000000000e+00
5.402402402402402004e+03 0.000000000000000000e+00
5.410410410410410805e+03 0.000000000000000000e+00
5.418418418418418696e+03 0.000000000000000000e+00
5.426426426426426588e+03 0.000000000000000000e+00
5.434434434434434479e+03 0.000000000000000000e+00
5.442442442442443280e+03 0.000000000000000000e+00
5.450450450450451171e+03 0.000000000000000000e+00
5.458458458458459063e+03 0.000000000000000000e+00
5.466466466466466954e+03 0.000000000000000000e+00
5.474474474474474846e+03 0.000000000000000000e+00
5.482482482482482737e+03 0.000000000000000000e+00
5.490490490490490629e+03 0.000000000000000000e+00
5.498498498498498520e+03 0.000000000000000000e+00
5.506506506506506412e+03 0.000000000000000000e+00
5.514514514514514303e+03 0.000000000000000000e+00
5.522522522522522195e+03 0.000000000000000000e+00
5.530530530530530086e+03 0.000000000000000000e+00
5.538538538538538887e+03 0.000000000000000000e+00
5.546546546546546779e+03 0.000000000000000000e+00
5.554554554554554670e+03 0.000000000000000000e+00
5.562562562562562562e+03 0.000000000000000000e+00
5.570570570570571363e+03 0.000000000000000000e+00
5.578578578578579254e+03 0.000000000000000000e+00
5.586586586586587146e+03 0.000000000000000000e+00
5.594594594594595037e+03 0.000000000000000000e+00
5.602602602602602929e+03 0.000000000000000000e+00
5.610610610610610820e+03 0.000000000000000000e+00
5.618618618618618711e+03 0.000000000000000000e+00
5.626626626626626603e+03 0.000000000000000000e+00
5.634634634634634494e+03 0.000000000000000000e+00
5.642642642642642386e+03 0.000000000000000000e+00
5.650650650650650277e+03 0.000000000000000000e+00
5.658658658658659078e+03 0.000000000000000000e+00
5.666666666666666970e+03 0.000000000000000000e+00
5.674674674674674861e+03 0.000000000000000000e+00
5.682682682682682753e+03 0.000000000000000000e+00
5.690690690690691554e+03 0.000000000000000000e+00
5.698698698698699445e+03 0.000000000000000000e+00
5.706706706706707337e+03 0.000000000000000000e+00
5.714714714714715228e+03 0.000000000000000000e+00
5.722722722722723120e+03 0.000000000000000000e+00
5.730730730730731011e+03 0.000000000000000000e+00
5.738738738738738903e+03 0.000000000000000000e+00
5.746746746746746794e+03 0.000000000000000000e+00
5.754754754754754686e+03 0.000000000000000000e+00
5.762762762762762577e+03 0.000000000000000000e+00
5.770770770770770469e+03 0.000000000000000000e+00
5.778778778778778360e+03 0.000000000000000000e+00
5.786786786786787161e+03 0.000000000000000000e+00
5.794794794794795052e+03 0.000000000000000000e+00
5.802802802802802944e+03 0.000000000000000000e+00
5.810810810810810835e+03 0.000000000000000000e+00
5.818818818818819636e+03 0.000000000000000000e+00
5.826826826826827528e+03 0.000000000000000000e+00
5.834834834834835419e+03 0.000000000000000000e+00
5.842842842842843311e+03 0.000000000000000000e+00
5.850850850850851202e+03 0.000000000000000000e+00
5.858858858858859094e+03 0.000000000000000000e+00
5.866866866866866985e+03 0.000000000000000000e+00
5.874874874874874877e+03 0.000000000000000000e+00
5.882882882882882768e+03 0.000000000000000000e+00
5.890890890890890660e+03 0.000000000000000000e+00
5.898898898898898551e+03 0.000000000000000000e+00
5.906906906906907352e+03 0.000000000000000000e+00
5.914914914914915244e+03 0.000000000000000000e+00
5.922922922922923135e+03 0.000000000000000000e+00
5.930930930930931027e+03 0.000000000000000000e+00
5.938938938938939827e+03 0.000000000000000000e+00
5.946946946946947719e+03 0.000000000000000000e+00
5.954954954954955610e+03 0.000000000000000000e+00
5.962962962962963502e+03 0.000000000000000000e+00
5.970970970970971393e+03 0.000000000000000000e+00
5.978978978978979285e+03 0.000000000000000000e+00
5.986986986986987176e+03 0.000000000000000000e+00
5.994994994994995068e+03 0.000000000000000000e+00
6.003003003003002959e+03 0.000000000000000000e+00
6.011011011011010851e+03 0.000000000000000000e+00
6.019019019019018742e+03 0.000000000000000000e+00
6.027027027027026634e+03 0.000000000000000000e+00
6.035035035035035435e+03 0.000000000000000000e+00
6.043043043043043326e+03 0.000000000000000000e+00
6.051051051051051218e+03 0.000000000000000000e+00
6.059059059059059109e+03 0.000000000000000000e+00
6.067067067067067910e+03 0.000000000000000000e+00
6.075075075075075802e+03 0.000000000000000000e+00
6.083083083083083693e+03 0.000000000000000000e+00
6.091091091091091585e+03 0.000000000000000000e+00
6.099099099099099476e+03 0.000000000000000000e+00
6.107107107107107367e+03 0.000000000000000000e+00
6.115115115115115259e+03 0.000000000000000000e+00
6.123123123123123150e+03 0.000000000000000000e+00
6.131131131131131042e+03 0.000000000000000000e+00
6.139139139139138933e+03 0.000000000000000000e+00
6.147147147147146825e+03 0.000000000000000000e+00
6.155155155155155626e+03 0.000000000000000000e+00
6.163163163163163517e+03 0.000000000000000000e+00
6.171171171171171409e+03 0.000000000000000000e+00
6.179179179179179300e+03 0.000000000000000000e+00
6.187187187187188101e+03 0.000000000000000000e+00
6.195195195195195993e+03 0.000000000000000000e+00
6.203203203203203884e+03 0.000000000000000000e+00
6.211211211211211776e+03 0.000000000000000000e+00
6.219219219219219667e+03 0.000000000000000000e+00
6.227227227227227559e+03 0.000000000000000000e+00
6.235235235235235450e+03 0.000000000000000000e+00
6.243243243243243342e+03 0.000000000000000000e+00
6.251251251251251233e+03 0.000000000000000000e+00
6.259259259259259125e+03 0.000000000000000000e+00
6.267267267267267016e+03 0.000000000000000000e+00
6.275275275275274907e+03 0.000000000000000000e+00
6.283283283283283708e+03 0.000000000000000000e+00
6.291291291291291600e+03 0.000000000000000000e+00
6.299299299299299491e+03 0.000000000000000000e+00
6.307307307307307383e+03 0.000000000000000000e+00
6.315315315315316184e+03 0.000000000000000000e+00
6.323323323323324075e+03 0.000000000000000000e+00
6.331331331331331967e+03 0.000000000000000000e+00
6.339339339339339858e+03 0.000000000000000000e+00
6.347347347347347750e+03 0.000000000000000000e+00
6.355355355355355641e+03 0.000000000000000000e+00
6.363363363363363533e+03 0.000000000000000000e+00
6.371371371371371424e+03 0.000000000000000000e+00
6.379379379379379316e+03 0.000000000000000000e+00
6.387387387387387207e+03 0.000000000000000000e+00
6.395395395395395099e+03 0.000000000000000000e+00
6.403403403403403900e+03 0.000000000000000000e+00
6.411411411411411791e+03 0.000000000000000000e+00
6.419419419419419683e+03 0.000000000000000000e+00
6.427427427427427574e+03 0.000000000000000000e+00
6.435435435435436375e+03 0.000000000000000000e+00
6.443443443443444266e+03 0.000000000000000000e+00
6.451451451451452158e+03 0.000000000000000000e+00
6.459459459459460049e+03 0.000000000000000000e+00
6.467467467467467941e+03 0.000000000000000000e+00
6.475475475475475832e+03 0.000000000000000000e+00
6.483483483483483724e+03 0.000000000000000000e+00
6.491491491491491615e+03 0.000000000000000000e+00
6.499499499499499507e+03 0.000000000000000000e+00
6.507507507507507398e+03 0.000000000000000000e+00
6.515515515515515290e+03 0.000000000000000000e+00
6.523523523523523181e+03 0.000000000000000000e+00
6.531531531531531982e+03 0.000000000000000000e+00
6.539539539539539874e+03 0.000000000000000000e+00
6.547547547547547765e+03 0.000000000000000000e+00
6.555555555555555657e+03 0.000000000000000000e+00
6.563563563563564458e+03 0.000000000000000000e+00
6.571571571571572349e+03 0.000000000000000000e+00
6.579579579579580241e+03 0.000000000000000000e+00
6.587587587587588132e+03 0.000000000000000000e+00
6.595595595595596023e+03 0.000000000000000000e+00
6.603603603603603915e+03 0.000000000000000000e+00
6.611611611611611806e+03 0.000000000000000000e+00
6.619619619619619698e+03 0.000000000000000000e+00
6.627627627627627589e+03 8.731458731458702520e-04
6.635635635635635481e+03 9.944793278126571635e-04
6.643643643643643372e+03 1.115812782479444184e-03
6.651651651651652173e+03 1.237146237146245081e-03
6.659659659659660065e+03 1.522636046642686196e-03
6.667667667667667956e+03 1.827576748934379384e-03
6.675675675675675848e+03 2.132517451226072572e-03
6.683683683683684649e+03 2.485319503176743917e-03
6.691691691691692540e+03 3.179891626320272349e-03
6.699699699699700432e+03 3.874463749463801215e-03
6.707707707707708323e+03 4.569035872607330080e-03
6.715715715715716215e+03 5.785763796583499874e-03
6.723723723723724106e+03 7.636795155811553805e-03
6.731731731731731998e+03 9.487826515039607736e-03
6.739739739739739889e+03 1.133885787426766080e-02
6.747747747747747781e+03 1.426746031746019966e-02
6.755755755755755672e+03 1.779479717813038653e-02
6.763763763763763563e+03 2.132213403880057340e-02
6.771771771771771455e+03 2.484947089947075680e-02
6.779779779779780256e+03 3.209209291258515589e-02
6.787787787787788147e+03 3.944370682157601060e-02
6.795795795795796039e+03 4.679532073056685837e-02
6.803803803803803930e+03 5.466179683084464169e-02
6.811811811811812731e+03 6.517571210666583958e-02
6.819819819819820623e+03 7.568962738248585786e-02
6.827827827827828514e+03 8.620354265830587615e-02
6.835835835835836406e+03 9.917085860370344896e-02
6.843843843843844297e+03 1.146765603839146330e-01
6.851851851851852189e+03 1.301822621641258171e-01
6.859859859859860080e+03 1.456879639443369734e-01
6.867867867867867972e+03 1.618461226532658670e-01
6.875875875875875863e+03 1.783251867513775402e-01
6.883883883883883755e+03 1.948042508494892133e-01
6.891891891891891646e+03 2.112833149476008865e-01
6.899899899899900447e+03 2.293063320697767415e-01
6.907907907907908339e+03 2.473309140287846819e-01
6.915915915915916230e+03 2.653554959877926223e-01
6.923923923923924121e+03 2.827620024786701158e-01
6.931931931931932922e+03 2.975386839220194313e-01
6.939939939939940814e+03 3.123153653653670814e-01
6.947947947947948705e+03 3.270920468087146760e-01
6.955955955955956597e+03 3.409040338699362849e-01
6.963963963963964488e+03 3.538218697385916434e-01
6.971971971971972380e+03 3.667397056072469463e-01
6.979979979979980271e+03 3.796575414759023048e-01
6.987987987987988163e+03 3.898521904557619155e-01
6.995995995995996054e+03 3.989361043015805519e-01
7.004004004004003946e+03 4.080200181473991328e-01
7.012012012012011837e+03 4.170103510067444397e-01
7.020020020020019729e+03 4.236924429347379006e-01
7.028028028028028530e+03 4.303745348627321388e-01
7.036036036036036421e+03 4.369501919952744062e-01
7.044044044044044313e+03 4.427316084792277673e-01
7.052052052052052204e+03 4.469943746467556767e-01
7.060060060060061005e+03 4.512571408142840856e-01
7.068068068068068897e+03 4.555199069818119950e-01
7.076076076076076788e+03 4.587118005133847820e-01
7.084084084084084679e+03 4.610587018701870488e-01
7.092092092092092571e+03 4.634056032269893710e-01
7.100100100100100462e+03 4.662173619163718086e-01
7.108108108108108354e+03 4.690320578003746022e-01
7.116116116116116245e+03 4.718467536843773402e-01
7.124124124124124137e+03 4.740086608921293965e-01
7.132132132132132938e+03 4.750319966010635997e-01
7.140140140140140829e+03 4.760553323099977474e-01
7.148148148148148721e+03 4.770786680189317841e-01
7.156156156156156612e+03 4.781020037278658763e-01
7.164164164164164504e+03 4.791253394367999685e-01
7.172172172172172395e+03 4.800316513543245733e-01
7.180180180180180287e+03 4.798413620551243985e-01
7.188188188188188178e+03 4.796510727559242238e-01
7.196196196196196979e+03 4.794607834567240490e-01
7.204204204204204871e+03 4.792704941575238742e-01
7.212212212212212762e+03 4.790665316801950291e-01
7.220220220220220654e+03 4.788048838937947749e-01
7.228228228228228545e+03 4.775708797269118122e-01
7.236236236236236437e+03 4.760787709961972203e-01
7.244244244244244328e+03 4.745866622654826283e-01
7.252252252252252219e+03 4.730724935391155128e-01
7.260260260260261020e+03 4.715481810228457360e-01
7.268268268268268912e+03 4.700238685065761257e-01
7.276276276276276803e+03 4.684995559903065709e-01
7.284284284284284695e+03 4.669752434740369607e-01
7.292292292292292586e+03 4.654509309577673504e-01
7.300300300300300478e+03 4.639266184414977401e-01
7.308308308308308369e+03 4.624023059252281853e-01
7.316316316316316261e+03 4.608779934089586305e-01
7.324324324324325062e+03 4.593536808926888537e-01
7.332332332332332953e+03 4.578293683764192434e-01
7.340340340340340845e+03 4.563050558601496887e-01
7.348348348348348736e+03 4.547807433438800784e-01
7.356356356356356628e+03 4.532564308276104681e-01
7.364364364364364519e+03 4.517321183113408578e-01
7.372372372372372411e+03 4.502731876158073687e-01
7.380380380380381212e+03 4.491603726732050772e-01
7.388388388388389103e+03 4.480475577306028967e-01
7.396396396396396995e+03 4.469347427880007162e-01
7.404404404404404886e+03 4.458219278453985357e-01
7.412412412412412777e+03 4.447091129027964107e-01
7.420420420420420669e+03 4.435962979601942857e-01
7.428428428428428560e+03 4.424834830175921052e-01
7.436436436436436452e+03 4.413706680749899247e-01
7.444444444444445253e+03 4.402578531323876332e-01
7.452452452452453144e+03 4.391450381897854527e-01
7.460460460460461036e+03 4.380322232471832722e-01
7.468468468468468927e+03 4.369254765070921254e-01
7.476476476476476819e+03 4.358419461682426777e-01
7.484484484484484710e+03 4.347306954893723763e-01
7.492492492492492602e+03 4.336098938366558242e-01
7.500500500500500493e+03 4.324890921839392721e-01
7.508508508508509294e+03 4.313682905312226090e-01
7.516516516516517186e+03 4.302425186489680087e-01
7.524524524524525077e+03 4.288738223117375403e-01
7.532532532532532969e+03 4.270835123643279552e-01
7.540540540540540860e+03 4.252932024169183700e-01
7.548548548548548752e+03 4.235028924695087293e-01
7.556556556556556643e+03 4.217125825220990887e-01
7.564564564564564535e+03 4.199222725746895035e-01
7.572572572572573335e+03 4.181319626272796963e-01
7.580580580580581227e+03 4.163416526798701112e-01
7.588588588588589118e+03 4.145513427324604150e-01
7.596596596596597010e+03 4.127610327850508298e-01
7.604604604604604901e+03 4.109707228376412447e-01
7.612612612612612793e+03 4.091804128902316040e-01
7.620620620620620684e+03 4.073901029428219633e-01
7.628628628628629485e+03 4.055707662207660436e-01
7.636636636636637377e+03 4.037162874662872936e-01
7.644644644644645268e+03 4.018282855782854823e-01
7.652652652652653160e+03 3.999402836902836156e-01
7.660660660660661051e+03 3.980522818022817488e-01
7.668668668668668943e+03 3.961642799142798821e-01
7.676676676676676834e+03 3.942762780262780709e-01
7.684684684684684726e+03 3.923882761382761486e-01
7.692692692692693527e+03 3.905466620966618896e-01
7.700700700700701418e+03 3.887306602806601674e-01
7.708708708708709310e+03 3.869146584646583342e-01
7.716716716716717201e+03 3.850986566486565565e-01
7.724724724724725093e+03 3.832826548326547789e-01
7.732732732732732984e+03 3.814666530166530012e-01
7.740740740740740875e+03 3.796506512006512235e-01
7.748748748748748767e+03 3.778346493846493903e-01
7.756756756756757568e+03 3.760186475686474461e-01
7.764764764764765459e+03 3.742026457526456129e-01
7.772772772772773351e+03 3.723866439366438352e-01
7.780780780780781242e+03 3.705706421206420575e-01
7.788788788788789134e+03 3.687546403046402244e-01
7.796796796796797025e+03 3.669386384886384467e-01
7.804804804804804917e+03 3.651226366726366690e-01
7.812812812812812808e+03 3.633066348566348358e-01
7.820820820820821609e+03 3.614906330406328916e-01
7.828828828828829501e+03 3.604694300127320172e-01
7.836836836836837392e+03 3.594664176232494901e-01
7.844844844844845284e+03 3.584634052337669075e-01
7.852852852852853175e+03 3.574603928442843248e-01
7.860860860860861067e+03 3.564573804548017422e-01
7.868868868868868958e+03 3.554543680653191595e-01
7.876876876876877759e+03 3.544513556758365214e-01
7.884884884884885651e+03 3.534483432863539387e-01
7.892892892892893542e+03 3.524453308968713561e-01
7.900900900900901433e+03 3.514423185073887734e-01
7.908908908908909325e+03 3.504393061179062463e-01
7.916916916916917216e+03 3.494362937284236637e-01
7.924924924924925108e+03 3.484332813389410810e-01
7.932932932932932999e+03 3.474302689494584984e-01
7.940940940940941800e+03 3.464272565599758602e-01
7.948948948948949692e+03 3.454242441704932776e-01
7.956956956956957583e+03 3.444212317810106949e-01
7.964964964964965475e+03 3.434182193915281123e-01
7.972972972972973366e+03 3.425440496233938537e-01
7.980980980980981258e+03 3.419270391703178591e-01
7.988988988988989149e+03 3.413100287172418090e-01
7.996996996996997041e+03 3.406930182641658145e-01
8.005005005005005842e+03 3.400567342853056396e-01
8.013013013013013733e+03 3.394030193458764666e-01
8.021021021021021625e+03 3.387493044064472381e-01
8.029029029029029516e+03 3.380955894670180095e-01
8.037037037037037408e+03 3.372154219793563334e-01
8.045045045045045299e+03 3.362964702407325035e-01
8.053053053053053191e+03 3.353775185021086180e-01
8.061061061061061082e+03 3.344459636507255418e-01
8.069069069069069883e+03 3.332051551551550306e-01
8.077077077077077774e+03 3.318704871538203927e-01
8.085085085085085666e+03 3.304869917536583657e-01
8.093093093093093557e+03 3.286775385221286649e-01
8.101101101101101449e+03 3.262094967098245757e-01
8.109109109109109340e+03 3.237414548975204864e-01
8.117117117117117232e+03 3.211533481022006420e-01
8.125125125125125123e+03 3.159981886648556282e-01
8.133133133133133924e+03 3.092164828093394990e-01
8.141141141141141816e+03 3.029653337010475567e-01
8.149149149149149707e+03 2.960756055375097784e-01
8.157157157157157599e+03 2.805163639048876001e-01
8.165165165165165490e+03 2.639752326096581614e-01
8.173173173173173382e+03 2.475016984197307979e-01
8.181181181181181273e+03 2.310240633490630857e-01
8.189189189189190074e+03 2.101460424710398789e-01
8.197197197197197966e+03 1.892680215930190313e-01
8.205205205205205857e+03 1.683900007149982114e-01
8.213213213213213749e+03 1.482471717619237017e-01
8.221221221221221640e+03 1.291461034805278518e-01
8.229229229229229531e+03 1.100450351991319742e-01
8.237237237237237423e+03 9.094396691773611041e-02
8.245245245245245314e+03 7.662654491225850961e-02
8.253253253253253206e+03 6.543167657453305419e-02
8.261261261261261097e+03 5.423680823680759877e-02
8.269269269269268989e+03 4.304193989908214335e-02
8.277277277277276880e+03 3.704139024270149128e-02
8.285285285285284772e+03 3.140952887313527842e-02
8.293293293293292663e+03 2.577766750356907596e-02
8.301301301301300555e+03 2.050771843271845946e-02
8.309309309309308446e+03 1.777028712385875231e-02
8.317317317317318157e+03 1.503285581499842413e-02
8.325325325325326048e+03 1.229542450613872046e-02
8.333333333333333940e+03 1.026105555555557360e-02
8.341341341341341831e+03 9.073201034367735576e-03
8.349349349349349723e+03 7.885346513179899292e-03
8.357357357357357614e+03 6.697491991992061272e-03
8.365365365365365506e+03 0.000000000000000000e+00
8.373373373373373397e+03 0.000000000000000000e+00
8.381381381381383108e+03 0.000000000000000000e+00
8.389389389389390999e+03 0.000000000000000000e+00
8.397397397397398890e+03 0.000000000000000000e+00
8.405405405405406782e+03 0.000000000000000000e+00
8.413413413413414673e+03 0.000000000000000000e+00
8.421421421421422565e+03 0.000000000000000000e+00
8.429429429429430456e+03 0.000000000000000000e+00
8.437437437437438348e+03 0.000000000000000000e+00
8.445445445445446239e+03 0.000000000000000000e+00
8.453453453453454131e+03 0.000000000000000000e+00
8.461461461461462022e+03 0.000000000000000000e+00
8.469469469469469914e+03 0.000000000000000000e+00
8.477477477477477805e+03 0.000000000000000000e+00
8.485485485485485697e+03 0.000000000000000000e+00
8.493493493493493588e+03 0.000000000000000000e+00
8.501501501501501480e+03 0.000000000000000000e+00
8.509509509509509371e+03 0.000000000000000000e+00
8.517517517517517263e+03 0.000000000000000000e+00
8.525525525525525154e+03 0.000000000000000000e+00
8.533533533533533046e+03 0.000000000000000000e+00
8.541541541541540937e+03 0.000000000000000000e+00
8.549549549549548829e+03 0.000000000000000000e+00
8.557557557557556720e+03 0.000000000000000000e+00
8.565565565565566430e+03 0.000000000000000000e+00
8.573573573573574322e+03 0.000000000000000000e+00
8.581581581581582213e+03 0.000000000000000000e+00
8.589589589589590105e+03 0.000000000000000000e+00
8.597597597597597996e+03 0.000000000000000000e+00
8.605605605605605888e+03 0.000000000000000000e+00
8.613613613613613779e+03 0.000000000000000000e+00
8.621621621621621671e+03 0.000000000000000000e+00
8.629629629629631381e+03 0.000000000000000000e+00
8.637637637637639273e+03 0.000000000000000000e+00
8.645645645645647164e+03 0.000000000000000000e+00
8.653653653653655056e+03 0.000000000000000000e+00
8.661661661661662947e+03 0.000000000000000000e+00
8.669669669669670839e+03 0.000000000000000000e+00
8.677677677677678730e+03 0.000000000000000000e+00
8.685685685685686622e+03 0.000000000000000000e+00
8.693693693693694513e+03 0.000000000000000000e+00
8.701701701701702405e+03 0.000000000000000000e+00
8.709709709709710296e+03 0.000000000000000000e+00
8.717717717717718187e+03 0.000000000000000000e+00
8.725725725725726079e+03 0.000000000000000000e+00
8.733733733733733970e+03 0.000000000000000000e+00
8.741741741741741862e+03 0.000000000000000000e+00
8.749749749749749753e+03 0.000000000000000000e+00
8.757757757757757645e+03 0.000000000000000000e+00
8.765765765765765536e+03 0.000000000000000000e+00
8.773773773773773428e+03 0.000000000000000000e+00
8.781781781781781319e+03 0.000000000000000000e+00
8.789789789789789211e+03 0.000000000000000000e+00
8.797797797797797102e+03 0.000000000000000000e+00
8.805805805805804994e+03 0.000000000000000000e+00
8.813813813813814704e+03 0.000000000000000000e+00
8.821821821821822596e+03 0.000000000000000000e+00
8.829829829829830487e+03 0.000000000000000000e+00
8.837837837837838379e+03 0.000000000000000000e+00
8.845845845845846270e+03 0.000000000000000000e+00
8.853853853853854162e+03 0.000000000000000000e+00
8.861861861861862053e+03 0.000000000000000000e+00
8.869869869869869945e+03 0.000000000000000000e+00
8.877877877877879655e+03 0.000000000000000000e+00
8.885885885885887546e+03 0.000000000000000000e+00
8.893893893893895438e+03 0.000000000000000000e+00
8.901901901901903329e+03 0.000000000000000000e+00
8.909909909909911221e+03 0.000000000000000000e+00
8.917917917917919112e+03 0.000000000000000000e+00
8.925925925925927004e+03 0.000000000000000000e+00
8.933933933933934895e+03 0.000000000000000000e+00
8.941941941941942787e+03 0.000000000000000000e+00
8.949949949949950678e+03 0.000000000000000000e+00
8.957957957957958570e+03 0.000000000000000000e+00
8.965965965965966461e+03 0.000000000000000000e+00
8.973973973973974353e+03 0.000000000000000000e+00
8.981981981981982244e+03 0.000000000000000000e+00
8.989989989989990136e+03 0.000000000000000000e+00
8.997997997997998027e+03 0.000000000000000000e+00
9.006006006006005919e+03 0.000000000000000000e+00
9.014014014014013810e+03 0.000000000000000000e+00
9.022022022022021702e+03 0.000000000000000000e+00
9.030030030030029593e+03 0.000000000000000000e+00
9.038038038038037485e+03 0.000000000000000000e+00
9.046046046046045376e+03 0.000000000000000000e+00
9.054054054054053267e+03 0.000000000000000000e+00
9.062062062062062978e+03 0.000000000000000000e+00
9.070070070070070869e+03 0.000000000000000000e+00
9.078078078078078761e+03 0.000000000000000000e+00
9.086086086086086652e+03 0.000000000000000000e+00
9.094094094094094544e+03 0.000000000000000000e+00
9.102102102102102435e+03 0.000000000000000000e+00
9.110110110110110327e+03 0.000000000000000000e+00
9.118118118118118218e+03 0.000000000000000000e+00
9.126126126126127929e+03 0.000000000000000000e+00
9.134134134134135820e+03 0.000000000000000000e+00
9.142142142142143712e+03 0.000000000000000000e+00
9.150150150150151603e+03 0.000000000000000000e+00
9.158158158158159495e+03 0.000000000000000000e+00
9.166166166166167386e+03 0.000000000000000000e+00
9.174174174174175278e+03 0.000000000000000000e+00
9.182182182182183169e+03 0.000000000000000000e+00
9.190190190190191061e+03 0.000000000000000000e+00
9.198198198198198952e+03 0.000000000000000000e+00
9.206206206206206843e+03 0.000000000000000000e+00
9.214214214214214735e+03 0.000000000000000000e+00
9.222222222222222626e+03 0.000000000000000000e+00
9.230230230230230518e+03 0.000000000000000000e+00
9.238238238238238409e+03 0.000000000000000000e+00
9.246246246246246301e+03 0.000000000000000000e+00
9.254254254254254192e+03 0.000000000000000000e+00
9.262262262262262084e+03 0.000000000000000000e+00
9.270270270270269975e+03 0.000000000000000000e+00
9.278278278278277867e+03 0.000000000000000000e+00
9.286286286286285758e+03 0.000000000000000000e+00
9.294294294294293650e+03 0.000000000000000000e+00
9.302302302302301541e+03 0.000000000000000000e+00
9.310310310310311252e+03 0.000000000000000000e+00
9.318318318318319143e+03 0.000000000000000000e+00
9.326326326326327035e+03 0.000000000000000000e+00
9.334334334334334926e+03 0.000000000000000000e+00
9.342342342342342818e+03 0.000000000000000000e+00
9.350350350350350709e+03 0.000000000000000000e+00
9.358358358358358601e+03 0.000000000000000000e+00
9.366366366366366492e+03 0.000000000000000000e+00
9.374374374374376202e+03 0.000000000000000000e+00
9.382382382382384094e+03 0.000000000000000000e+00
9.390390390390391985e+03 0.000000000000000000e+00
9.398398398398399877e+03 0.000000000000000000e+00
9.406406406406407768e+03 0.000000000000000000e+00
9.414414414414415660e+03 0.000000000000000000e+00
9.422422422422423551e+03 0.000000000000000000e+00
9.430430430430431443e+03 0.000000000000000000e+00
9.438438438438439334e+03 0.000000000000000000e+00
9.446446446446447226e+03 0.000000000000000000e+00
9.454454454454455117e+03 0.000000000000000000e+00
9.462462462462463009e+03 0.000000000000000000e+00
9.470470470470470900e+03 0.000000000000000000e+00
9.478478478478478792e+03 0.000000000000000000e+00
9.486486486486486683e+03 0.000000000000000000e+00
9.494494494494494575e+03 0.000000000000000000e+00
9.502502502502502466e+03 0.000000000000000000e+00
9.510510510510510358e+03 0.000000000000000000e+00
9.518518518518518249e+03 0.000000000000000000e+00
9.526526526526526141e+03 0.000000000000000000e+00
9.534534534534534032e+03 0.000000000000000000e+00
9.542542542542541923e+03 0.000000000000000000e+00
9.550550550550549815e+03 0.000000000000000000e+00
9.558558558558559525e+03 0.000000000000000000e+00
9.566566566566567417e+03 0.000000000000000000e+00
9.574574574574575308e+03 0.000000000000000000e+00
9.582582582582583200e+03 0.000000000000000000e+00
9.590590590590591091e+03 0.000000000000000000e+00
9.598598598598598983e+03 0.000000000000000000e+00
9.606606606606606874e+03 0.000000000000000000e+00
9.614614614614614766e+03 0.000000000000000000e+00
9.622622622622624476e+03 0.000000000000000000e+00
9.630630630630632368e+03 0.000000000000000000e+00
9.638638638638640259e+03 0.000000000000000000e+00
9.646646646646648151e+03 0.000000000000000000e+00
9.654654654654656042e+03 0.000000000000000000e+00
9.662662662662663934e+03 0.000000000000000000e+00
9.670670670670671825e+03 0.000000000000000000e+00
9.678678678678679717e+03 0.000000000000000000e+00
9.686686686686687608e+03 0.000000000000000000e+00
9.694694694694695499e+03 0.000000000000000000e+00
9.702702702702703391e+03 0.000000000000000000e+00
9.710710710710711282e+03 0.000000000000000000e+00
9.718718718718719174e+03 0.000000000000000000e+00
9.726726726726727065e+03 0.000000000000000000e+00
9.734734734734734957e+03 0.000000000000000000e+00
9.742742742742742848e+03 0.000000000000000000e+00
9.750750750750750740e+03 0.000000000000000000e+00
9.758758758758758631e+03 0.000000000000000000e+00
9.766766766766766523e+03 0.000000000000000000e+00
9.774774774774774414e+03 0.000000000000000000e+00
9.782782782782782306e+03 0.000000000000000000e+00
9.790790790790790197e+03 0.000000000000000000e+00
9.798798798798798089e+03 0.000000000000000000e+00
9.806806806806807799e+03 0.000000000000000000e+00
9.814814814814815691e+03 0.000000000000000000e+00
9.822822822822823582e+03 0.000000000000000000e+00
9.830830830830831474e+03 0.000000000000000000e+00
9.838838838838839365e+03 0.000000000000000000e+00
9.846846846846847257e+03 0.000000000000000000e+00
9.854854854854855148e+03 0.000000000000000000e+00
9.862862862862863039e+03 0.000000000000000000e+00
9.870870870870872750e+03 0.000000000000000000e+00
9.878878878878880641e+03 0.000000000000000000e+00
9.886886886886888533e+03 0.000000000000000000e+00
9.894894894894896424e+03 0.000000000000000000e+00
9.902902902902904316e+03 0.000000000000000000e+00
9.910910910910912207e+03 0.000000000000000000e+00
9.918918918918920099e+03 0.000000000000000000e+00
9.926926926926927990e+03 0.000000000000000000e+00
9.934934934934935882e+03 0.000000000000000000e+00
9.942942942942943773e+03 0.000000000000000000e+00
9.950950950950951665e+03 0.000000000000000000e+00
9.958958958958959556e+03 0.000000000000000000e+00
9.966966966966967448e+03 0.000000000000000000e+00
9.974974974974975339e+03 0.000000000000000000e+00
9.982982982982983231e+03 0.000000000000000000e+00
9.990990990990991122e+03 0.000000000000000000e+00
9.998998998998999014e+03 0.000000000000000000e+00
1.000700700700700691e+04 0.000000000000000000e+00
1.001501501501501480e+04 0.000000000000000000e+00
1.002302302302302269e+04 0.000000000000000000e+00
1.003103103103103058e+04 0.000000000000000000e+00
1.003903903903903847e+04 0.000000000000000000e+00
1.004704704704704636e+04 0.000000000000000000e+00
1.005505505505505607e+04 0.000000000000000000e+00
1.006306306306306396e+04 0.000000000000000000e+00
1.007107107107107186e+04 0.000000000000000000e+00
1.007907907907907975e+04 0.000000000000000000e+00
1.008708708708708764e+04 0.000000000000000000e+00
1.009509509509509553e+04 0.000000000000000000e+00
1.010310310310310342e+04 0.000000000000000000e+00
1.011111111111111131e+04 0.000000000000000000e+00
1.011911911911912102e+04 0.000000000000000000e+00
1.012712712712712892e+04 0.000000000000000000e+00
1.013513513513513681e+04 0.000000000000000000e+00
1.014314314314314470e+04 0.000000000000000000e+00
1.015115115115115259e+04 0.000000000000000000e+00
1.015915915915916048e+04 0.000000000000000000e+00
1.016716716716716837e+04 0.000000000000000000e+00
1.017517517517517626e+04 0.000000000000000000e+00
1.018318318318318416e+04 0.000000000000000000e+00
1.019119119119119205e+04 0.000000000000000000e+00
1.019919919919919994e+04 0.000000000000000000e+00
1.020720720720720783e+04 0.000000000000000000e+00
1.021521521521521572e+04 0.000000000000000000e+00
1.022322322322322361e+04 0.000000000000000000e+00
1.023123123123123150e+04 0.000000000000000000e+00
1.023923923923923940e+04 0.000000000000000000e+00
1.024724724724724729e+04 0.000000000000000000e+00
1.025525525525525518e+04 0.000000000000000000e+00
1.026326326326326307e+04 0.000000000000000000e+00
1.027127127127127096e+04 0.000000000000000000e+00
1.027927927927927885e+04 0.000000000000000000e+00
1.028728728728728674e+04 0.000000000000000000e+00
1.029529529529529464e+04 0.000000000000000000e+00
1.030330330330330435e+04 0.000000000000000000e+00
1.031131131131131224e+04 0.000000000000000000e+00
1.031931931931932013e+04 0.000000000000000000e+00
1.032732732732732802e+04 0.000000000000000000e+00
1.033533533533533591e+04 0.000000000000000000e+00
1.034334334334334380e+04 0.000000000000000000e+00
1.035135135135135170e+04 0.000000000000000000e+00
1.035935935935935959e+04 0.000000000000000000e+00
1.036736736736736930e+04 0.000000000000000000e+00
1.037537537537537719e+04 0.000000000000000000e+00
1.038338338338338508e+04 0.000000000000000000e+00
1.039139139139139297e+04 0.000000000000000000e+00
1.039939939939940086e+04 0.000000000000000000e+00
1.040740740740740875e+04 0.000000000000000000e+00
1.041541541541541665e+04 0.000000000000000000e+00
1.042342342342342454e+04 0.000000000000000000e+00
1.043143143143143243e+04 0.000000000000000000e+00
1.043943943943944032e+04 0.000000000000000000e+00
1.044744744744744821e+04 0.000000000000000000e+00
1.045545545545545610e+04 0.000000000000000000e+00
1.046346346346346400e+04 0.000000000000000000e+00
1.047147147147147189e+04 0.000000000000000000e+00
1.047947947947947978e+04 0.000000000000000000e+00
1.048748748748748767e+04 0.000000000000000000e+00
1.049549549549549556e+04 0.000000000000000000e+00
1.050350350350350345e+04 0.000000000000000000e+00
1.051151151151151134e+04 0.000000000000000000e+00
1.051951951951951924e+04 0.000000000000000000e+00
1.052752752752752713e+04 0.000000000000000000e+00
1.053553553553553502e+04 0.000000000000000000e+00
1.054354354354354291e+04 0.000000000000000000e+00
1.055155155155155262e+04 0.000000000000000000e+00
1.055955955955956051e+04 0.000000000000000000e+00
1.056756756756756840e+04 0.000000000000000000e+00
1.057557557557557629e+04 0.000000000000000000e+00
1.058358358358358419e+04 0.000000000000000000e+00
1.059159159159159208e+04 0.000000000000000000e+00
1.059959959959959997e+04 0.000000000000000000e+00
1.060760760760760786e+04 0.000000000000000000e+00
1.061561561561561757e+04 0.000000000000000000e+00
1.062362362362362546e+04 0.000000000000000000e+00
1.063163163163163335e+04 0.000000000000000000e+00
1.063963963963964125e+04 0.000000000000000000e+00
1.064764764764764914e+04 0.000000000000000000e+00
1.065565565565565703e+04 0.000000000000000000e+00
1.066366366366366492e+04 0.000000000000000000e+00
1.067167167167167281e+04 0.000000000000000000e+00
1.067967967967968070e+04 0.000000000000000000e+00
1.068768768768768859e+04 0.000000000000000000e+00
1.069569569569569649e+04 0.000000000000000000e+00
1.070370370370370438e+04 0.000000000000000000e+00
1.071171171171171227e+04 0.000000000000000000e+00
1.071971971971972016e+04 0.000000000000000000e+00
1.072772772772772805e+04 0.000000000000000000e+00
1.073573573573573594e+04 0.000000000000000000e+00
1.074374374374374383e+04 0.000000000000000000e+00
1.075175175175175173e+04 0.000000000000000000e+00
1.075975975975975962e+04 0.000000000000000000e+00
1.076776776776776751e+04 0.000000000000000000e+00
1.077577577577577540e+04 0.000000000000000000e+00
1.078378378378378329e+04 0.000000000000000000e+00
1.079179179179179118e+04 0.000000000000000000e+00
1.079979979979980089e+04 0.000000000000000000e+00
1.080780780780780879e+04 0.000000000000000000e+00
1.081581581581581668e+04 0.000000000000000000e+00
1.082382382382382457e+04 0.000000000000000000e+00
1.083183183183183246e+04 0.000000000000000000e+00
1.083983983983984035e+04 0.000000000000000000e+00
1.084784784784784824e+04 0.000000000000000000e+00
1.085585585585585613e+04 0.000000000000000000e+00
1.086386386386386584e+04 0.000000000000000000e+00
1.087187187187187374e+04 0.000000000000000000e+00
1.087987987987988163e+04 0.000000000000000000e+00
1.088788788788788952e+04 0.000000000000000000e+00
1.089589589589589741e+04 0.000000000000000000e+00
1.090390390390390530e+04 0.000000000000000000e+00
1.091191191191191319e+04 0.000000000000000000e+00
1.091991991991992109e+04 0.000000000000000000e+00
1.092792792792792898e+04 0.000000000000000000e+00
1.093593593593593687e+04 0.000000000000000000e+00
1.094394394394394476e+04 0.000000000000000000e+00
1.095195195195195265e+04 0.000000000000000000e+00
1.095995995995996054e+04 0.000000000000000000e+00
1.096796796796796843e+04 0.000000000000000000e+00
1.097597597597597633e+04 0.000000000000000000e+00
1.098398398398398422e+04 0.000000000000000000e+00
1.099199199199199211e+04 0.000000000000000000e+00
1.100000000000000000e+04 0.000000000000000000e+00
